final buckets:
0 bucket 6581.555555555555, true, [8, 24, 34, 52, 62, 67, 78, 88, 89]
1 bucket 2352.8333333333335, true, [115, 155, 161, 169, 170, 173]
2 bucket 3797.714285714286, true, [198, 203, 217, 240, 248, 255, 259]
3 bucket 3300.857142857143, true, [272, 288, 298, 307, 315, 334, 336]
4 bucket 6122.875, true, [405, 406, 407, 432, 434, 452, 472, 479]
5 bucket 3218.4, true, [483, 492, 504, 511, 516, 519, 520, 532, 539, 540]
6 bucket 21162.9375, true, [567, 577, 584, 586, 590, 592, 596, 598, 615, 626, 639, 643, 652, 657, 672, 693]
7 bucket 8354.727272727272, true, [710, 712, 729, 734, 735, 739, 743, 746, 765, 779, 808]
8 bucket 6105.875, true, [864, 866, 880, 900, 917, 926, 930, 938]
9 bucket 6128.875, true, [948, 949, 954, 957, 972, 991, 1017, 1019]
10 bucket 2059.5555555555557, true, [1043, 1048, 1050, 1052, 1056, 1063, 1075, 1080, 1089]
11 bucket 5402.0, true, [1107, 1111, 1115, 1117, 1121, 1155, 1161, 1166, 1168]
12 bucket 5267.714285714285, true, [1175, 1183, 1184, 1196, 1217, 1241, 1249]
13 bucket 2924.0, true, [1260, 1273, 1282, 1287, 1305, 1310, 1312, 1315]
14 bucket 20055.73333333333, true, [1330, 1332, 1333, 1342, 1350, 1355, 1367, 1397, 1407, 1411, 1416, 1418, 1419, 1422, 1424]
15 bucket 2507.875, true, [1445, 1447, 1456, 1460, 1461, 1470, 1487, 1499]
16 bucket 3481.875, true, [1508, 1515, 1521, 1534, 1546, 1554, 1561, 1568]
17 bucket 9450.0, true, [1581, 1593, 1638, 1658, 1664, 1669, 1672, 1673]
18 bucket 3463.5, true, [1681, 1682, 1700, 1704, 1709, 1717, 1734, 1743]
19 bucket 25173.555555555555, true, [1775, 1806, 1868, 1876, 1882, 1896, 1903, 1941, 1944]
20 bucket 21267.0, true, [1964, 1979, 1982, 1983, 1984, 1986, 1999, 2001, 2003, 2005, 2006, 2016, 2048, 2071, 2076, 2085]
21 bucket 4627.5, true, [2107, 2116, 2139, 2146, 2154, 2167, 2170, 2179]
22 bucket 3936.875, true, [2219, 2221, 2245, 2253, 2263, 2266, 2273, 2285]
23 bucket 3731.4285714285716, true, [2300, 2310, 2319, 2341, 2348, 2355, 2367]
24 bucket 3040.181818181818, true, [2394, 2397, 2398, 2409, 2411, 2414, 2416, 2422, 2423, 2438, 2451]
25 bucket 2434.8333333333335, true, [2464, 2472, 2501, 2503, 2514, 2517]
26 bucket 3750.000000000001, true, [2565, 2569, 2591, 2595, 2598, 2599, 2610, 2621, 2631]
27 bucket 4178.875, true, [2672, 2678, 2699, 2714, 2716, 2724, 2728, 2742]
28 bucket 2972.1000000000004, true, [2757, 2758, 2768, 2770, 2779, 2784, 2787, 2799, 2804, 2807]
29 bucket 2157.5, true, [2814, 2822, 2826, 2830, 2835, 2840, 2849, 2870]
30 bucket 5586.399999999999, true, [2876, 2880, 2884, 2894, 2900, 2902, 2905, 2927, 2943, 2945]
31 bucket 3262.0, true, [2969, 2976, 2979, 2990, 2998, 3013, 3022, 3025]
32 bucket 3454.8571428571427, true, [3048, 3053, 3077, 3079, 3081, 3096, 3118]
33 bucket 19744.92307692308, true, [3128, 3166, 3172, 3197, 3208, 3220, 3228, 3230, 3232, 3233, 3249, 3261, 3272]
34 bucket 10362.0, true, [3290, 3326, 3333, 3336, 3382, 3398, 3399]
35 bucket 4137.428571428572, true, [3421, 3429, 3449, 3452, 3461, 3472, 3499]
36 bucket 21655.882352941175, true, [3553, 3554, 3558, 3559, 3568, 3576, 3577, 3582, 3616, 3621, 3622, 3623, 3638, 3639, 3640, 3650, 3652]
37 bucket 5013.428571428572, true, [3663, 3671, 3687, 3718, 3720, 3721, 3739]
38 bucket 3345.5, true, [3752, 3753, 3770, 3773, 3780, 3798, 3804, 3808]
39 bucket 26927.214285714286, true, [3815, 3826, 3831, 3838, 3844, 3852, 3874, 3875, 3889, 3913, 3923, 3935, 3937, 3945]
40 bucket 24018.181818181823, true, [3984, 3986, 4001, 4017, 4037, 4051, 4057, 4079, 4083, 4119, 4122]
41 bucket 3950.8888888888896, true, [4172, 4183, 4189, 4195, 4205, 4210, 4221, 4234, 4235]
42 bucket 4288.888888888889, true, [4241, 4248, 4251, 4259, 4268, 4281, 4284, 4285, 4314]
43 bucket 25736.54999999999, true, [4335, 4360, 4370, 4373, 4396, 4402, 4404, 4413, 4415, 4417, 4422, 4436, 4441, 4442, 4445, 4449, 4451, 4456, 4458, 4472]
44 bucket 16929.21428571429, true, [4484, 4495, 4510, 4517, 4537, 4557, 4562, 4564, 4569, 4573, 4574, 4576, 4592, 4599]
45 bucket 25721.733333333334, true, [4604, 4615, 4625, 4631, 4644, 4652, 4661, 4665, 4679, 4702, 4714, 4715, 4719, 4725, 4727]
46 bucket 15948.399999999994, true, [4743, 4760, 4765, 4767, 4795, 4796, 4799, 4810, 4815, 4817, 4822, 4830, 4843, 4845, 4856]
47 bucket 20786.0, true, [4886, 4895, 4898, 4905, 4912, 4920, 4922, 4938, 4943, 4955, 4956, 4971, 4974, 4986, 4994, 5001]
48 bucket 1687.5, true, [5034, 5035, 5037, 5040, 5041, 5055, 5064, 5076]
49 bucket 4534.0, true, [5093, 5103, 5105, 5117, 5140, 5147, 5152, 5159]
50 bucket 9925.875, true, [5164, 5174, 5197, 5230, 5246, 5248, 5254, 5258]
51 bucket 2757.4285714285716, true, [5280, 5281, 5290, 5305, 5321, 5325, 5331]
52 bucket 5890.833333333333, true, [5342, 5343, 5344, 5387, 5401, 5420]
53 bucket 3427.5, true, [5428, 5438, 5443, 5452, 5453, 5464, 5485, 5491]
54 bucket 7142.5, true, [5502, 5524, 5539, 5547, 5570, 5572, 5575, 5579, 5583, 5584]
55 bucket 2487.5555555555557, true, [5596, 5599, 5604, 5605, 5619, 5629, 5634, 5636, 5642]
56 bucket 2010.8571428571431, true, [5646, 5663, 5666, 5678, 5691, 5693, 5694]
57 bucket 3214.0, true, [5728, 5753, 5760, 5768, 5788, 5789, 5790]
58 bucket 22061.73333333333, true, [5803, 5816, 5822, 5829, 5841, 5851, 5861, 5866, 5878, 5893, 5895, 5898, 5899, 5923, 5932]
59 bucket 1404.8888888888887, true, [5951, 5957, 5958, 5960, 5967, 5973, 5974, 5980, 5993]
60 bucket 5524.0, true, [6007, 6008, 6010, 6023, 6028, 6031, 6041, 6066, 6067, 6069]
61 bucket 23458.4375, true, [6072, 6091, 6102, 6108, 6117, 6126, 6135, 6143, 6146, 6155, 6159, 6174, 6183, 6186, 6200, 6204]
62 bucket 1307.3333333333333, true, [6211, 6215, 6228, 6240, 6242, 6252]
63 bucket 4208.0, true, [6284, 6286, 6301, 6312, 6318, 6326, 6328, 6330, 6356]
64 bucket 3358.2222222222226, true, [6362, 6365, 6388, 6396, 6399, 6400, 6403, 6411, 6426]
65 bucket 5930.0, true, [6428, 6433, 6438, 6442, 6456, 6476, 6477, 6488, 6505]
66 bucket 22632.4375, true, [6508, 6548, 6549, 6571, 6576, 6588, 6598, 6608, 6614, 6615, 6617, 6620, 6624, 6638, 6641, 6650]
67 bucket 3311.4285714285716, true, [6660, 6664, 6681, 6691, 6696, 6713, 6723]
68 bucket 1521.875, true, [6760, 6777, 6780, 6786, 6797, 6798, 6800, 6803]
69 bucket 19994.941176470584, true, [6808, 6810, 6812, 6826, 6835, 6839, 6840, 6848, 6860, 6863, 6873, 6883, 6885, 6898, 6900, 6902, 6920]
70 bucket 21056.25, true, [6930, 6931, 6935, 6956, 6960, 6986, 6988, 6993, 7016, 7036, 7040, 7052]
71 bucket 3794.727272727272, true, [7118, 7126, 7135, 7137, 7138, 7145, 7146, 7157, 7172, 7173, 7175]
72 bucket 3794.5, true, [7179, 7185, 7191, 7201, 7212, 7217, 7221, 7231, 7233, 7235]
73 bucket 14826.25, true, [7261, 7277, 7291, 7296, 7309, 7317, 7322, 7326, 7329, 7354, 7372, 7383]
74 bucket 1657.7142857142856, true, [7422, 7425, 7426, 7440, 7447, 7449, 7468]
75 bucket 8928.857142857143, true, [7502, 7508, 7509, 7532, 7539, 7588, 7596]
76 bucket 21700.000000000004, true, [7617, 7636, 7649, 7652, 7656, 7659, 7667, 7670, 7674, 7689, 7698, 7705, 7713, 7721, 7722, 7729, 7730, 7731]
77 bucket 21625.333333333336, true, [7739, 7740, 7746, 7758, 7776, 7782, 7784, 7789, 7791, 7793, 7808, 7824, 7837, 7851, 7867]
78 bucket 6466.0, true, [7878, 7891, 7896, 7922, 7957, 7964]
79 bucket 2115.714285714286, true, [7985, 7988, 8015, 8016, 8023, 8027, 8033]
80 bucket 2953.4285714285716, true, [8047, 8049, 8059, 8067, 8071, 8092, 8107]
81 bucket 2963.5, true, [8121, 8132, 8135, 8146, 8154, 8155, 8165, 8186]
82 bucket 25414.44444444444, true, [8192, 8201, 8204, 8209, 8211, 8215, 8223, 8233, 8240, 8255, 8259, 8266, 8269, 8279, 8283, 8290, 8308, 8317]
83 bucket 3774.4, true, [8325, 8344, 8351, 8352, 8358, 8363, 8378, 8379, 8382, 8392]
84 bucket 5450.875, true, [8400, 8406, 8423, 8427, 8452, 8456, 8469, 8472]
85 bucket 24522.35714285714, true, [8524, 8583, 8618, 8620, 8621, 8623, 8624, 8629, 8640, 8665, 8666, 8678, 8681, 8687]
86 bucket 13277.714285714288, true, [8697, 8699, 8711, 8720, 8730, 8738, 8746, 8750, 8759, 8760, 8764, 8781, 8792, 8795]
87 bucket 304.0, true, [8842, 8846, 8848, 8849, 8850, 8853, 8857, 8863]
88 bucket 819.2000000000002, true, [8920, 8944, 8952, 8953, 8954]
89 bucket 3307.4285714285716, true, [8977, 8982, 8995, 9015, 9026, 9028, 9035]
90 bucket 10812.888888888889, true, [9049, 9052, 9057, 9058, 9059, 9060, 9123, 9126, 9137]
91 bucket 2436.0, true, [9148, 9150, 9165, 9167, 9172, 9177, 9183, 9186, 9203]
92 bucket 3310.1, true, [9211, 9224, 9225, 9227, 9231, 9249, 9251, 9254, 9261, 9270]
93 bucket 2996.857142857143, true, [9288, 9312, 9315, 9328, 9342, 9346, 9350]
94 bucket 4867.875, true, [9375, 9377, 9379, 9385, 9395, 9407, 9436, 9441]
95 bucket 21756.94736842105, true, [9463, 9497, 9502, 9519, 9536, 9543, 9545, 9551, 9555, 9558, 9560, 9564, 9566, 9567, 9568, 9570, 9588, 9594, 9603]
96 bucket 25234.93333333333, true, [9614, 9619, 9633, 9635, 9637, 9647, 9653, 9666, 9672, 9691, 9696, 9698, 9732, 9736, 9740]
97 bucket 15676.4375, true, [9773, 9775, 9784, 9787, 9789, 9793, 9799, 9828, 9831, 9834, 9839, 9842, 9843, 9857, 9859, 9868]
98 bucket 20295.529411764703, true, [9895, 9898, 9903, 9908, 9913, 9919, 9920, 9928, 9931, 9953, 9969, 9970, 9978, 9985, 9986, 9988, 9992]

minCompleteBadLuck: 893809.8538699262
bus stops: [55.77777777777778, 157.16666666666666, 231.42857142857142, 307.14285714285717, 435.875, 515.6, 617.9375, 745.4545454545455, 902.625, 975.875, 1061.7777777777778, 1135.6666666666667, 1206.4285714285713, 1293.0, 1381.5333333333333, 1465.625, 1538.375, 1643.5, 1708.75, 1876.7777777777778, 2011.75, 2147.25, 2253.125, 2334.285714285714, 2415.7272727272725, 2495.1666666666665, 2597.6666666666665, 2709.125, 2781.3, 2835.75, 2905.6, 2996.5, 3078.8571428571427, 3215.076923076923, 3352.0, 3454.714285714286, 3601.6470588235293, 3702.714285714286, 3779.75, 3878.3571428571427, 4048.7272727272725, 4204.888888888889, 4270.111111111111, 4417.85, 4550.642857142857, 4671.866666666667, 4804.2, 4941.0, 5047.75, 5127.0, 5221.375, 5304.714285714285, 5372.833333333333, 5456.75, 5557.5, 5618.222222222223, 5675.857142857143, 5768.0, 5867.133333333333, 5968.111111111111, 6035.0, 6143.8125, 6231.333333333333, 6315.666666666667, 6394.444444444444, 6460.333333333333, 6597.8125, 6689.714285714285, 6787.625, 6858.941176470588, 6985.25, 7147.454545454545, 7210.5, 7319.75, 7439.571428571428, 7539.142857142857, 7684.333333333333, 7792.333333333333, 7918.0, 8012.428571428572, 8070.285714285715, 8149.25, 8247.444444444445, 8362.4, 8438.125, 8632.785714285714, 8745.857142857143, 8851.0, 8944.6, 9008.285714285714, 9080.111111111111, 9172.333333333334, 9240.3, 9325.857142857143, 9399.375, 9549.947368421053, 9671.266666666666, 9818.8125, 9943.29411764706]
