final buckets:
0 bucket 9738.1, true, [8, 24, 34, 52, 62, 67, 78, 88, 89, 115]
1 bucket 3473.5, true, [155, 161, 169, 170, 173, 198, 203, 217]
2 bucket 11676.727272727274, true, [240, 248, 255, 259, 272, 288, 298, 307, 315, 334, 336]
3 bucket 1911.3333333333335, true, [405, 406, 407, 432, 434, 452]
4 bucket 5922.916666666668, true, [472, 479, 483, 492, 504, 511, 516, 519, 520, 532, 539, 540]
5 bucket 15152.933333333332, true, [567, 577, 584, 586, 590, 592, 596, 598, 615, 626, 639, 643, 652, 657, 672]
6 bucket 10876.916666666668, true, [693, 710, 712, 729, 734, 735, 739, 743, 746, 765, 779, 808]
7 bucket 19520.0, true, [864, 866, 880, 900, 917, 926, 930, 938, 948, 949, 954, 957, 972, 991]
8 bucket 17847.4375, true, [1017, 1019, 1043, 1048, 1050, 1052, 1056, 1063, 1075, 1080, 1089, 1107, 1111, 1115, 1117, 1121]
9 bucket 10280.727272727272, true, [1155, 1161, 1166, 1168, 1175, 1183, 1184, 1196, 1217, 1241, 1249]
10 bucket 13839.733333333335, true, [1260, 1273, 1282, 1287, 1305, 1310, 1312, 1315, 1330, 1332, 1333, 1342, 1350, 1355, 1367]
11 bucket 7113.214285714286, true, [1397, 1407, 1411, 1416, 1418, 1419, 1422, 1424, 1445, 1447, 1456, 1460, 1461, 1470]
12 bucket 12468.916666666668, true, [1487, 1499, 1508, 1515, 1521, 1534, 1546, 1554, 1561, 1568, 1581, 1593]
13 bucket 1416.875, true, [1638, 1658, 1664, 1669, 1672, 1673, 1681, 1682]
14 bucket 9884.0, true, [1700, 1704, 1709, 1717, 1734, 1743, 1775, 1806]
15 bucket 824.0, true, [1868, 1876, 1882, 1896, 1903]
16 bucket 6686.357142857141, true, [1941, 1944, 1964, 1979, 1982, 1983, 1984, 1986, 1999, 2001, 2003, 2005, 2006, 2016]
17 bucket 3082.833333333334, true, [2048, 2071, 2076, 2085, 2107, 2116]
18 bucket 1178.8333333333333, true, [2139, 2146, 2154, 2167, 2170, 2179]
19 bucket 2775.714285714286, true, [2219, 2221, 2245, 2253, 2263, 2266, 2273]
20 bucket 5856.875, true, [2285, 2300, 2310, 2319, 2341, 2348, 2355, 2367]
21 bucket 931.9999999999999, true, [2394, 2397, 2398, 2409, 2411, 2414, 2416, 2422, 2423]
22 bucket 6370.0, true, [2438, 2451, 2464, 2472, 2501, 2503, 2514, 2517]
23 bucket 3750.000000000001, true, [2565, 2569, 2591, 2595, 2598, 2599, 2610, 2621, 2631]
24 bucket 2943.7142857142862, true, [2672, 2678, 2699, 2714, 2716, 2724, 2728]
25 bucket 17268.277777777766, true, [2742, 2757, 2758, 2768, 2770, 2779, 2784, 2787, 2799, 2804, 2807, 2814, 2822, 2826, 2830, 2835, 2840, 2849]
26 bucket 1206.875, true, [2870, 2876, 2880, 2884, 2894, 2900, 2902, 2905]
27 bucket 4368.875, true, [2927, 2943, 2945, 2969, 2976, 2979, 2990, 2998]
28 bucket 7222.88888888889, true, [3013, 3022, 3025, 3048, 3053, 3077, 3079, 3081, 3096]
29 bucket 2184.0, true, [3118, 3128, 3166, 3172]
30 bucket 7639.636363636362, true, [3197, 3208, 3220, 3228, 3230, 3232, 3233, 3249, 3261, 3272, 3290]
31 bucket 11800.0, true, [3326, 3333, 3336, 3382, 3398, 3399, 3421, 3429]
32 bucket 1633.2, true, [3449, 3452, 3461, 3472, 3499]
33 bucket 906.875, true, [3553, 3554, 3558, 3559, 3568, 3576, 3577, 3582]
34 bucket 1412.2222222222224, true, [3616, 3621, 3622, 3623, 3638, 3639, 3640, 3650, 3652]
35 bucket 17172.91666666667, true, [3663, 3671, 3687, 3718, 3720, 3721, 3739, 3752, 3753, 3770, 3773, 3780]
36 bucket 9875.666666666666, true, [3798, 3804, 3808, 3815, 3826, 3831, 3838, 3844, 3852, 3874, 3875, 3889]
37 bucket 11138.88888888889, true, [3913, 3923, 3935, 3937, 3945, 3984, 3986, 4001, 4017]
38 bucket 6493.428571428572, true, [4037, 4051, 4057, 4079, 4083, 4119, 4122]
39 bucket 1695.7142857142853, true, [4172, 4183, 4189, 4195, 4205, 4210, 4221]
40 bucket 3574.4, true, [4234, 4235, 4241, 4248, 4251, 4259, 4268, 4281, 4284, 4285]
41 bucket 2549.2, true, [4314, 4335, 4360, 4370, 4373]
42 bucket 6150.400000000001, true, [4396, 4402, 4404, 4413, 4415, 4417, 4422, 4436, 4441, 4442, 4445, 4449, 4451, 4456, 4458]
43 bucket 2785.5, true, [4472, 4484, 4495, 4510, 4517, 4537]
44 bucket 7478.3076923076915, true, [4557, 4562, 4564, 4569, 4573, 4574, 4576, 4592, 4599, 4604, 4615, 4625, 4631]
45 bucket 706.8, true, [4644, 4652, 4661, 4665, 4679]
46 bucket 4946.1, true, [4702, 4714, 4715, 4719, 4725, 4727, 4743, 4760, 4765, 4767]
47 bucket 4324.181818181818, true, [4795, 4796, 4799, 4810, 4815, 4817, 4822, 4830, 4843, 4845, 4856]
48 bucket 20786.0, true, [4886, 4895, 4898, 4905, 4912, 4920, 4922, 4938, 4943, 4955, 4956, 4971, 4974, 4986, 4994, 5001]
49 bucket 10566.66666666667, true, [5034, 5035, 5037, 5040, 5041, 5055, 5064, 5076, 5093, 5103, 5105, 5117]
50 bucket 2190.857142857143, true, [5140, 5147, 5152, 5159, 5164, 5174, 5197]
51 bucket 3014.875, true, [5230, 5246, 5248, 5254, 5258, 5280, 5281, 5290]
52 bucket 1240.857142857143, true, [5305, 5321, 5325, 5331, 5342, 5343, 5344]
53 bucket 5167.555555555556, true, [5387, 5401, 5420, 5428, 5438, 5443, 5452, 5453, 5464]
54 bucket 3325.333333333333, true, [5485, 5491, 5502, 5524, 5539, 5547]
55 bucket 1584.1000000000001, true, [5570, 5572, 5575, 5579, 5583, 5584, 5596, 5599, 5604, 5605]
56 bucket 7918.916666666666, true, [5619, 5629, 5634, 5636, 5642, 5646, 5663, 5666, 5678, 5691, 5693, 5694]
57 bucket 9816.0, true, [5728, 5753, 5760, 5768, 5788, 5789, 5790, 5803, 5816, 5822, 5829]
58 bucket 3841.555555555555, true, [5841, 5851, 5861, 5866, 5878, 5893, 5895, 5898, 5899]
59 bucket 20797.111111111113, true, [5923, 5932, 5951, 5957, 5958, 5960, 5967, 5973, 5974, 5980, 5993, 6007, 6008, 6010, 6023, 6028, 6031, 6041]
60 bucket 15061.714285714288, true, [6066, 6067, 6069, 6072, 6091, 6102, 6108, 6117, 6126, 6135, 6143, 6146, 6155, 6159]
61 bucket 6718.181818181819, true, [6174, 6183, 6186, 6200, 6204, 6211, 6215, 6228, 6240, 6242, 6252]
62 bucket 2377.875, true, [6284, 6286, 6301, 6312, 6318, 6326, 6328, 6330]
63 bucket 2629.875, true, [6356, 6362, 6365, 6388, 6396, 6399, 6400, 6403]
64 bucket 11706.66666666667, true, [6411, 6426, 6428, 6433, 6438, 6442, 6456, 6476, 6477, 6488, 6505, 6508]
65 bucket 20013.88235294117, true, [6548, 6549, 6571, 6576, 6588, 6598, 6608, 6614, 6615, 6617, 6620, 6624, 6638, 6641, 6650, 6660, 6664]
66 bucket 1152.8, true, [6681, 6691, 6696, 6713, 6723]
67 bucket 3576.916666666666, true, [6760, 6777, 6780, 6786, 6797, 6798, 6800, 6803, 6808, 6810, 6812, 6826]
68 bucket 6813.666666666666, true, [6835, 6839, 6840, 6848, 6860, 6863, 6873, 6883, 6885, 6898, 6900, 6902]
69 bucket 1251.3333333333333, true, [6920, 6930, 6931, 6935, 6956, 6960]
70 bucket 4484.857142857142, true, [6986, 6988, 6993, 7016, 7036, 7040, 7052]
71 bucket 9121.733333333332, true, [7118, 7126, 7135, 7137, 7138, 7145, 7146, 7157, 7172, 7173, 7175, 7179, 7185, 7191, 7201]
72 bucket 3502.875, true, [7212, 7217, 7221, 7231, 7233, 7235, 7261, 7277]
73 bucket 8516.900000000001, true, [7291, 7296, 7309, 7317, 7322, 7326, 7329, 7354, 7372, 7383]
74 bucket 20672.25, true, [7422, 7425, 7426, 7440, 7447, 7449, 7468, 7502, 7508, 7509, 7532, 7539]
75 bucket 16058.0, true, [7588, 7596, 7617, 7636, 7649, 7652, 7656, 7659, 7667, 7670, 7674, 7689, 7698, 7705]
76 bucket 1572.9, true, [7713, 7721, 7722, 7729, 7730, 7731, 7739, 7740, 7746, 7758]
77 bucket 5894.5, true, [7776, 7782, 7784, 7789, 7791, 7793, 7808, 7824, 7837, 7851]
78 bucket 1730.8000000000002, true, [7867, 7878, 7891, 7896, 7922]
79 bucket 17491.5, true, [7957, 7964, 7985, 7988, 8015, 8016, 8023, 8027, 8033, 8047, 8049, 8059, 8067, 8071]
80 bucket 4612.88888888889, true, [8092, 8107, 8121, 8132, 8135, 8146, 8154, 8155, 8165]
81 bucket 18526.470588235294, true, [8186, 8192, 8201, 8204, 8209, 8211, 8215, 8223, 8233, 8240, 8255, 8259, 8266, 8269, 8279, 8283, 8290]
82 bucket 12084.928571428572, true, [8308, 8317, 8325, 8344, 8351, 8352, 8358, 8363, 8378, 8379, 8382, 8392, 8400, 8406]
83 bucket 2142.8333333333335, true, [8423, 8427, 8452, 8456, 8469, 8472]
84 bucket 10028.888888888885, true, [8524, 8583, 8618, 8620, 8621, 8623, 8624, 8629, 8640]
85 bucket 2902.0, true, [8665, 8666, 8678, 8681, 8687, 8697, 8699, 8711, 8720]
86 bucket 4364.5, true, [8730, 8738, 8746, 8750, 8759, 8760, 8764, 8781, 8792, 8795]
87 bucket 304.0, true, [8842, 8846, 8848, 8849, 8850, 8853, 8857, 8863]
88 bucket 4001.875, true, [8920, 8944, 8952, 8953, 8954, 8977, 8982, 8995]
89 bucket 2436.8999999999996, true, [9015, 9026, 9028, 9035, 9049, 9052, 9057, 9058, 9059, 9060]
90 bucket 4948.545454545455, true, [9123, 9126, 9137, 9148, 9150, 9165, 9167, 9172, 9177, 9183, 9186]
91 bucket 4574.909090909091, true, [9203, 9211, 9224, 9225, 9227, 9231, 9249, 9251, 9254, 9261, 9270]
92 bucket 15586.307692307688, true, [9288, 9312, 9315, 9328, 9342, 9346, 9350, 9375, 9377, 9379, 9385, 9395, 9407]
93 bucket 5959.333333333333, true, [9436, 9441, 9463, 9497, 9502, 9519]
94 bucket 1350.916666666667, true, [9536, 9543, 9545, 9551, 9555, 9558, 9560, 9564, 9566, 9567, 9568, 9570]
95 bucket 18266.933333333334, true, [9588, 9594, 9603, 9614, 9619, 9633, 9635, 9637, 9647, 9653, 9666, 9672, 9691, 9696, 9698]
96 bucket 5743.599999999999, true, [9732, 9736, 9740, 9773, 9775, 9784, 9787, 9789, 9793, 9799]
97 bucket 1522.2222222222222, true, [9828, 9831, 9834, 9839, 9842, 9843, 9857, 9859, 9868]
98 bucket 20295.529411764703, true, [9895, 9898, 9903, 9908, 9913, 9919, 9920, 9928, 9931, 9953, 9969, 9970, 9978, 9985, 9986, 9988, 9992]

minCompleteBadLuck: 710310.6514713229
bus stops: [61.7, 180.75, 286.54545454545456, 422.6666666666667, 508.9166666666667, 612.9333333333333, 741.0833333333334, 928.0, 1072.6875, 1190.4545454545455, 1316.8666666666666, 1432.357142857143, 1538.9166666666667, 1667.125, 1736.0, 1885.0, 1985.2142857142858, 2083.8333333333335, 2159.1666666666665, 2248.5714285714284, 2328.125, 2409.3333333333335, 2482.5, 2597.6666666666665, 2704.4285714285716, 2798.3888888888887, 2888.875, 2965.875, 3054.8888888888887, 3146.0, 3238.181818181818, 3378.0, 3466.6, 3565.875, 3633.4444444444443, 3728.9166666666665, 3837.8333333333335, 3960.1111111111113, 4078.285714285714, 4196.428571428572, 4258.6, 4350.4, 4429.8, 4502.5, 4587.7692307692305, 4660.2, 4733.7, 4820.727272727273, 4941.0, 5066.666666666667, 5161.857142857143, 5260.875, 5330.142857142857, 5431.777777777777, 5514.666666666667, 5586.7, 5657.583333333333, 5786.0, 5875.777777777777, 5984.222222222223, 6111.142857142857, 6212.272727272727, 6310.625, 6383.625, 6457.333333333333, 6610.64705882353, 6700.8, 6796.416666666667, 6868.833333333333, 6938.666666666667, 7015.857142857143, 7158.533333333334, 7235.875, 7329.9, 7472.25, 7654.0, 7732.9, 7803.5, 7890.8, 8021.5, 8134.111111111111, 8236.176470588236, 8361.07142857143, 8449.833333333334, 8609.111111111111, 8689.333333333334, 8761.5, 8851.0, 8959.625, 9043.9, 9157.636363636364, 9236.90909090909, 9353.76923076923, 9476.333333333334, 9556.916666666666, 9643.066666666668, 9770.8, 9844.555555555555, 9943.29411764706]
