final buckets:
0 bucket 9738.1, true, [8, 24, 34, 52, 62, 67, 78, 88, 89, 115]
1 bucket 219.2, true, [155, 161, 169, 170, 173]
2 bucket 27162.85714285714, true, [198, 203, 217, 240, 248, 255, 259, 272, 288, 298, 307, 315, 334, 336]
3 bucket 37590.5, true, [405, 406, 407, 432, 434, 452, 472, 479, 483, 492, 504, 511, 516, 519, 520, 532, 539, 540]
4 bucket 15152.933333333332, true, [567, 577, 584, 586, 590, 592, 596, 598, 615, 626, 639, 643, 652, 657, 672]
5 bucket 5992.0, true, [693, 710, 712, 729, 734, 735, 739, 743, 746, 765, 779]
6 bucket 0.0, true, [808]
7 bucket 19520.0, true, [864, 866, 880, 900, 917, 926, 930, 938, 948, 949, 954, 957, 972, 991]
8 bucket 17847.4375, true, [1017, 1019, 1043, 1048, 1050, 1052, 1056, 1063, 1075, 1080, 1089, 1107, 1111, 1115, 1117, 1121]
9 bucket 2976.0, true, [1155, 1161, 1166, 1168, 1175, 1183, 1184, 1196, 1217]
10 bucket 22986.117647058825, true, [1241, 1249, 1260, 1273, 1282, 1287, 1305, 1310, 1312, 1315, 1330, 1332, 1333, 1342, 1350, 1355, 1367]
11 bucket 555.5, true, [1397, 1407, 1411, 1416, 1418, 1419, 1422, 1424]
12 bucket 40076.44444444444, true, [1445, 1447, 1456, 1460, 1461, 1470, 1487, 1499, 1508, 1515, 1521, 1534, 1546, 1554, 1561, 1568, 1581, 1593]
13 bucket 30275.9375, true, [1638, 1658, 1664, 1669, 1672, 1673, 1681, 1682, 1700, 1704, 1709, 1717, 1734, 1743, 1775, 1806]
14 bucket 824.0, true, [1868, 1876, 1882, 1896, 1903]
15 bucket 6686.357142857141, true, [1941, 1944, 1964, 1979, 1982, 1983, 1984, 1986, 1999, 2001, 2003, 2005, 2006, 2016]
16 bucket 21287.0, true, [2048, 2071, 2076, 2085, 2107, 2116, 2139, 2146, 2154, 2167, 2170, 2179]
17 bucket 32260.0, true, [2219, 2221, 2245, 2253, 2263, 2266, 2273, 2285, 2300, 2310, 2319, 2341, 2348, 2355, 2367]
18 bucket 7696.307692307693, true, [2394, 2397, 2398, 2409, 2411, 2414, 2416, 2422, 2423, 2438, 2451, 2464, 2472]
19 bucket 188.75, true, [2501, 2503, 2514, 2517]
20 bucket 3750.000000000001, true, [2565, 2569, 2591, 2595, 2598, 2599, 2610, 2621, 2631]
21 bucket 18.0, true, [2672, 2678]
22 bucket 0.0, true, [2699]
23 bucket 37253.863636363625, true, [2714, 2716, 2724, 2728, 2742, 2757, 2758, 2768, 2770, 2779, 2784, 2787, 2799, 2804, 2807, 2814, 2822, 2826, 2830, 2835, 2840, 2849]
24 bucket 1206.875, true, [2870, 2876, 2880, 2884, 2894, 2900, 2902, 2905]
25 bucket 194.66666666666663, true, [2927, 2943, 2945]
26 bucket 7940.1, true, [2969, 2976, 2979, 2990, 2998, 3013, 3022, 3025, 3048, 3053]
27 bucket 2381.5, true, [3077, 3079, 3081, 3096, 3118, 3128]
28 bucket 15757.23076923077, true, [3166, 3172, 3197, 3208, 3220, 3228, 3230, 3232, 3233, 3249, 3261, 3272, 3290]
29 bucket 52.66666666666667, true, [3326, 3333, 3336]
30 bucket 12317.599999999999, true, [3382, 3398, 3399, 3421, 3429, 3449, 3452, 3461, 3472, 3499]
31 bucket 906.875, true, [3553, 3554, 3558, 3559, 3568, 3576, 3577, 3582]
32 bucket 5351.0, true, [3616, 3621, 3622, 3623, 3638, 3639, 3640, 3650, 3652, 3663, 3671, 3687]
33 bucket 33960.0, true, [3718, 3720, 3721, 3739, 3752, 3753, 3770, 3773, 3780, 3798, 3804, 3808, 3815, 3826, 3831, 3838, 3844, 3852]
34 bucket 140.66666666666669, true, [3874, 3875, 3889]
35 bucket 635.2, true, [3913, 3923, 3935, 3937, 3945]
36 bucket 24018.181818181823, true, [3984, 3986, 4001, 4017, 4037, 4051, 4057, 4079, 4083, 4119, 4122]
37 bucket 21186.0, true, [4172, 4183, 4189, 4195, 4205, 4210, 4221, 4234, 4235, 4241, 4248, 4251, 4259, 4268, 4281, 4284, 4285]
38 bucket 220.5, true, [4314, 4335]
39 bucket 92.66666666666666, true, [4360, 4370, 4373]
40 bucket 23743.75, true, [4396, 4402, 4404, 4413, 4415, 4417, 4422, 4436, 4441, 4442, 4445, 4449, 4451, 4456, 4458, 4472, 4484, 4495, 4510, 4517]
41 bucket 31890.526315789477, true, [4537, 4557, 4562, 4564, 4569, 4573, 4574, 4576, 4592, 4599, 4604, 4615, 4625, 4631, 4644, 4652, 4661, 4665, 4679]
42 bucket 4946.1, true, [4702, 4714, 4715, 4719, 4725, 4727, 4743, 4760, 4765, 4767]
43 bucket 4324.181818181818, true, [4795, 4796, 4799, 4810, 4815, 4817, 4822, 4830, 4843, 4845, 4856]
44 bucket 20786.0, true, [4886, 4895, 4898, 4905, 4912, 4920, 4922, 4938, 4943, 4955, 4956, 4971, 4974, 4986, 4994, 5001]
45 bucket 10566.66666666667, true, [5034, 5035, 5037, 5040, 5041, 5055, 5064, 5076, 5093, 5103, 5105, 5117]
46 bucket 2190.857142857143, true, [5140, 5147, 5152, 5159, 5164, 5174, 5197]
47 bucket 22168.399999999998, true, [5230, 5246, 5248, 5254, 5258, 5280, 5281, 5290, 5305, 5321, 5325, 5331, 5342, 5343, 5344]
48 bucket 33226.93333333334, true, [5387, 5401, 5420, 5428, 5438, 5443, 5452, 5453, 5464, 5485, 5491, 5502, 5524, 5539, 5547]
49 bucket 36909.0909090909, true, [5570, 5572, 5575, 5579, 5583, 5584, 5596, 5599, 5604, 5605, 5619, 5629, 5634, 5636, 5642, 5646, 5663, 5666, 5678, 5691, 5693, 5694]
50 bucket 0.0, true, [5728]
51 bucket 112.66666666666666, true, [5753, 5760, 5768]
52 bucket 25166.9375, true, [5788, 5789, 5790, 5803, 5816, 5822, 5829, 5841, 5851, 5861, 5866, 5878, 5893, 5895, 5898, 5899]
53 bucket 20797.111111111113, true, [5923, 5932, 5951, 5957, 5958, 5960, 5967, 5973, 5974, 5980, 5993, 6007, 6008, 6010, 6023, 6028, 6031, 6041]
54 bucket 21.0, true, [6066, 6067, 6069, 6072]
55 bucket 4857.6, true, [6091, 6102, 6108, 6117, 6126, 6135, 6143, 6146, 6155, 6159]
56 bucket 6718.181818181819, true, [6174, 6183, 6186, 6200, 6204, 6211, 6215, 6228, 6240, 6242, 6252]
57 bucket 2377.875, true, [6284, 6286, 6301, 6312, 6318, 6326, 6328, 6330]
58 bucket 42.0, true, [6356, 6362, 6365]
59 bucket 24599.88235294117, true, [6388, 6396, 6399, 6400, 6403, 6411, 6426, 6428, 6433, 6438, 6442, 6456, 6476, 6477, 6488, 6505, 6508]
60 bucket 0.5, true, [6548, 6549]
61 bucket 37544.8, true, [6571, 6576, 6588, 6598, 6608, 6614, 6615, 6617, 6620, 6624, 6638, 6641, 6650, 6660, 6664, 6681, 6691, 6696, 6713, 6723]
62 bucket 0.0, true, [6760]
63 bucket 36351.91304347824, true, [6777, 6780, 6786, 6797, 6798, 6800, 6803, 6808, 6810, 6812, 6826, 6835, 6839, 6840, 6848, 6860, 6863, 6873, 6883, 6885, 6898, 6900, 6902]
64 bucket 122.0, true, [6920, 6930, 6931, 6935]
65 bucket 8.0, true, [6956, 6960]
66 bucket 4484.857142857142, true, [6986, 6988, 6993, 7016, 7036, 7040, 7052]
67 bucket 28409.238095238103, true, [7118, 7126, 7135, 7137, 7138, 7145, 7146, 7157, 7172, 7173, 7175, 7179, 7185, 7191, 7201, 7212, 7217, 7221, 7231, 7233, 7235]
68 bucket 14826.25, true, [7261, 7277, 7291, 7296, 7309, 7317, 7322, 7326, 7329, 7354, 7372, 7383]
69 bucket 20672.25, true, [7422, 7425, 7426, 7440, 7447, 7449, 7468, 7502, 7508, 7509, 7532, 7539]
70 bucket 32.0, true, [7588, 7596]
71 bucket 0.0, true, [7617]
72 bucket 27817.809523809527, true, [7636, 7649, 7652, 7656, 7659, 7667, 7670, 7674, 7689, 7698, 7705, 7713, 7721, 7722, 7729, 7730, 7731, 7739, 7740, 7746, 7758]
73 bucket 24466.357142857145, true, [7776, 7782, 7784, 7789, 7791, 7793, 7808, 7824, 7837, 7851, 7867, 7878, 7891, 7896]
74 bucket 0.0, true, [7922]
75 bucket 705.0, true, [7957, 7964, 7985, 7988]
76 bucket 3884.1000000000004, true, [8015, 8016, 8023, 8027, 8033, 8047, 8049, 8059, 8067, 8071]
77 bucket 4612.88888888889, true, [8092, 8107, 8121, 8132, 8135, 8146, 8154, 8155, 8165]
78 bucket 35191.75, true, [8186, 8192, 8201, 8204, 8209, 8211, 8215, 8223, 8233, 8240, 8255, 8259, 8266, 8269, 8279, 8283, 8290, 8308, 8317, 8325]
79 bucket 8963.692307692307, true, [8344, 8351, 8352, 8358, 8363, 8378, 8379, 8382, 8392, 8400, 8406, 8423, 8427]
80 bucket 284.75, true, [8452, 8456, 8469, 8472]
81 bucket 0.0, true, [8524]
82 bucket 0.0, true, [8583]
83 bucket 336.0, true, [8618, 8620, 8621, 8623, 8624, 8629, 8640]
84 bucket 31936.105263157893, true, [8665, 8666, 8678, 8681, 8687, 8697, 8699, 8711, 8720, 8730, 8738, 8746, 8750, 8759, 8760, 8764, 8781, 8792, 8795]
85 bucket 304.0, true, [8842, 8846, 8848, 8849, 8850, 8853, 8857, 8863]
86 bucket 38004.44444444446, true, [8920, 8944, 8952, 8953, 8954, 8977, 8982, 8995, 9015, 9026, 9028, 9035, 9049, 9052, 9057, 9058, 9059, 9060]
87 bucket 20709.529411764703, true, [9123, 9126, 9137, 9148, 9150, 9165, 9167, 9172, 9177, 9183, 9186, 9203, 9211, 9224, 9225, 9227, 9231]
88 bucket 1094.8333333333335, true, [9249, 9251, 9254, 9261, 9270, 9288]
89 bucket 1324.8333333333335, true, [9312, 9315, 9328, 9342, 9346, 9350]
90 bucket 773.3333333333334, true, [9375, 9377, 9379, 9385, 9395, 9407]
91 bucket 412.6666666666667, true, [9436, 9441, 9463]
92 bucket 7838.933333333338, true, [9497, 9502, 9519, 9536, 9543, 9545, 9551, 9555, 9558, 9560, 9564, 9566, 9567, 9568, 9570]
93 bucket 8126.916666666665, true, [9588, 9594, 9603, 9614, 9619, 9633, 9635, 9637, 9647, 9653, 9666, 9672]
94 bucket 26.0, true, [9691, 9696, 9698]
95 bucket 32.0, true, [9732, 9736, 9740]
96 bucket 521.4285714285713, true, [9773, 9775, 9784, 9787, 9789, 9793, 9799]
97 bucket 1522.2222222222222, true, [9828, 9831, 9834, 9839, 9842, 9843, 9857, 9859, 9868]
98 bucket 20295.529411764703, true, [9895, 9898, 9903, 9908, 9913, 9919, 9920, 9928, 9931, 9953, 9969, 9970, 9978, 9985, 9986, 9988, 9992]

minCompleteBadLuck: 1123501.7280643925
bus stops: [61.7, 165.6, 269.2857142857143, 480.1666666666667, 612.9333333333333, 735.0, 808.0, 928.0, 1072.6875, 1178.3333333333333, 1308.4117647058824, 1414.25, 1511.4444444444443, 1701.5625, 1885.0, 1985.2142857142858, 2121.5, 2291.0, 2423.769230769231, 2508.75, 2597.6666666666665, 2675.0, 2699.0, 2784.2272727272725, 2888.875, 2938.3333333333335, 3007.3, 3096.5, 3227.5384615384614, 3331.6666666666665, 3436.2, 3565.875, 3643.5, 3785.6666666666665, 3879.3333333333335, 3930.6, 4048.7272727272725, 4233.0, 4324.5, 4367.666666666667, 4446.25, 4604.1578947368425, 4733.7, 4820.727272727273, 4941.0, 5066.666666666667, 5161.857142857143, 5293.2, 5464.933333333333, 5625.363636363636, 5728.0, 5760.333333333333, 5844.9375, 5984.222222222223, 6068.5, 6128.2, 6212.272727272727, 6310.625, 6361.0, 6439.64705882353, 6548.5, 6639.4, 6760.0, 6835.782608695652, 6929.0, 6958.0, 7015.857142857143, 7177.476190476191, 7319.75, 7472.25, 7592.0, 7617.0, 7699.238095238095, 7826.214285714285, 7922.0, 7973.5, 8040.7, 8134.111111111111, 8248.25, 8381.153846153846, 8462.25, 8524.0, 8583.0, 8625.0, 8727.315789473685, 8851.0, 9006.444444444445, 9179.70588235294, 9262.166666666666, 9332.166666666666, 9386.333333333334, 9446.666666666666, 9546.733333333334, 9630.083333333334, 9695.0, 9736.0, 9785.714285714286, 9844.555555555555, 9943.29411764706]
